0 30 0 0
300 300 0 300
30 60 0 30
60 90 0 60
90 120 0 90
90 90 0 90
120 150 0 120
150 180 0 150
180 210 0 180
180 180 0 180
210 240 0 210
240 270 0 240
240 240 0 240
270 300 0 270
0 0 30 0
300 300 30 300
30 30 30 30
30 60 30 30
60 60 30 60
90 120 30 90
120 120 30 120
120 150 30 120
180 210 30 180
270 300 30 270
0 0 60 0
300 300 60 300
0 30 60 0
30 30 60 30
60 60 60 60
60 90 60 60
90 90 60 90
120 150 60 120
180 210 60 180
210 210 60 210
240 240 60 240
270 270 60 270
270 300 60 270
0 0 90 0
300 300 90 300
90 90 90 90
90 120 90 90
120 120 90 120
120 150 90 120
180 210 90 180
210 240 90 210
240 240 90 240
240 270 90 240
270 270 90 270
0 0 120 0
300 300 120 300
30 30 120 30
60 90 120 60
90 90 120 90
150 150 120 150
180 180 120 180
210 240 120 210
270 270 120 270
0 0 150 0
300 300 150 300
30 30 150 30
30 60 150 30
60 90 150 60
90 120 150 90
120 120 150 120
150 180 150 150
180 180 150 180
180 210 150 180
240 240 150 240
0 0 180 0
300 300 180 300
30 30 180 30
60 60 180 60
90 120 180 90
150 150 180 150
180 180 180 180
210 210 180 210
240 240 180 240
240 270 180 240
270 270 180 270
0 0 210 0
300 300 210 300
60 60 210 60
60 90 210 60
120 120 210 120
120 150 210 120
180 210 210 180
210 210 210 210
210 240 210 210
240 240 210 240
270 270 210 270
0 0 240 0
300 300 240 300
0 30 240 0
30 60 240 30
60 60 240 60
90 90 240 90
90 120 240 90
120 150 240 120
150 180 240 150
180 210 240 180
270 270 240 270
0 30 300 0
0 0 270 0
30 60 300 30
30 30 270 30
60 90 300 60
90 120 300 90
120 150 300 120
120 150 270 120
150 180 300 150
150 150 270 150
180 210 300 180
180 210 270 180
210 240 300 210
210 240 270 210
240 270 300 240
240 240 270 240
270 300 300 270
270 270 270 270
